2.324770689010620117e-01
2.554890513420104980e-01
2.528519630432128906e-01
2.741501331329345703e-01
2.417622804641723633e-01
2.453856468200683594e-01
2.278714329004287720e-01
1.259599775075912476e-01
9.446094930171966553e-02
1.012289524078369141e-01
9.445925056934356689e-02
9.702090173959732056e-02
1.091065257787704468e-01
1.183516681194305420e-01
1.096445694565773010e-01
1.160665005445480347e-01
1.197986677289009094e-01
1.295554637908935547e-01
1.727900356054306030e-01
1.661335527896881104e-01
2.392306625843048096e-01
2.175110727548599243e-01
2.663540244102478027e-01
2.608364522457122803e-01
2.993446290493011475e-01
3.468260467052459717e-01
3.468666672706604004e-01
3.649774193763732910e-01
3.793812096118927002e-01
3.712326288223266602e-01
3.868442773818969727e-01
3.498255312442779541e-01
4.127141833305358887e-01
3.943577706813812256e-01
5.401262640953063965e-01
6.794151067733764648e-01
5.938554406166076660e-01
5.381844043731689453e-01
5.616959929466247559e-01
5.775611996650695801e-01
5.419209003448486328e-01
5.019932389259338379e-01
5.003218650817871094e-01
5.025577545166015625e-01
5.411971211433410645e-01
5.636504888534545898e-01
5.506464838981628418e-01
4.194047152996063232e-01
4.134093225002288818e-01
4.568498134613037109e-01
4.269811213016510010e-01
4.360807836055755615e-01
5.013931393623352051e-01
5.051291584968566895e-01
5.201234221458435059e-01
4.574197828769683838e-01
4.920952618122100830e-01
5.232900977134704590e-01
4.243461787700653076e-01
4.346030354499816895e-01
5.555733442306518555e-01
5.823778510093688965e-01
6.669922471046447754e-01
6.093393564224243164e-01
1.000000000000000000e+00
